x0 = [5.78        0.699         2.62        0.356       14.038        19.37        -0.44     0.153529     0.114368     0.106459    0.0596384    0.0348232     -0.16932   -0.0921931    -0.151367    -0.046391   -0.0541268     0.180964     0.112376    0.0996252    0.0721296    0.0750188    -0.152239     0.102651    -0.166841    0.0571696   -0.0781832      40241.6      8072.84           13];
x = [5          0.5            4          0.3           10           10    -0.445253     0.207138    0.0490267    0.0512683    0.0460393    0.0248447    -0.212977    -0.156079    -0.209744   -0.0663534   -0.0886873     0.238563    0.0646469    0.0573634    0.0582349    0.0611308    -0.143094    0.0964698    -0.148408    0.0432406   -0.0820928      34674.9         3000      27.1935];

ub = [6.5                1          4             0.5         17          15              4            0 0 0 ];
lb = [3                 0.5           -1           0.35          10          10              -1           0     0    0];


%showGeometry(x, x0);
%showAirfoil(x, x0);


%for showing bounds:

%showGeometry([lb(1:7) x(8:end)],[ub(1:7) x(8:end)]);